05-Jan-2018 [1, 3, 13, 15, 28, 36, 49]
12-Jan-2018 [1, 8, 16, 19, 26, 34, 41]
19-Jan-2018 [9, 18, 25, 30, 39, 40, 43]
26-Jan-2018 [7, 8, 13, 19, 23, 32, 40]
02-Feb-2018 [3, 8, 9, 24, 28, 31, 44]
09-Feb-2018 [6, 19, 24, 25, 36, 37, 39]
16-Feb-2018 [5, 14, 22, 23, 35, 40, 49]
23-Feb-2018 [13, 17, 24, 32, 33, 44, 45]
02-Mar-2018 [7, 25, 26, 28, 32, 36, 37]
09-Mar-2018 [13, 18, 20, 26, 32, 35, 47]
16-Mar-2018 [13, 24, 29, 31, 35, 36, 42]
23-Mar-2018 [7, 12, 15, 23, 35, 43, 49]
30-Mar-2018 [1, 12, 18, 19, 21, 24, 41]
06-Apr-2018 [7, 18, 29, 30, 41, 45, 46]
13-Apr-2018 [1, 8, 9, 22, 29, 30, 32]
20-Apr-2018 [6, 14, 16, 22, 30, 42, 45]
27-Apr-2018 [8, 9, 11, 17, 37, 39, 41]
04-May-2018 [1, 11, 15, 16, 20, 29, 39]
11-May-2018 [11, 22, 28, 33, 39, 43, 47]
18-May-2018 [4, 13, 23, 30, 31, 37, 43]
25-May-2018 [7, 10, 13, 19, 24, 31, 41]
01-Jun-2018 [2, 11, 17, 18, 22, 25, 39]
08-Jun-2018 [12, 25, 27, 29, 34, 44, 45]
15-Jun-2018 [18, 23, 28, 37, 44, 45, 47]
22-Jun-2018 [3, 10, 16, 28, 31, 38, 47]
29-Jun-2018 [3, 5, 17, 23, 28, 43, 46]
06-Jul-2018 [1, 11, 20, 32, 41, 42, 44]
13-Jul-2018 [1, 4, 5, 22, 25, 32, 34]
20-Jul-2018 [6, 8, 12, 19, 20, 25, 49]
27-Jul-2018 [8, 11, 14, 17, 26, 30, 36]
03-Aug-2018 [9, 11, 23, 33, 35, 36, 42]
10-Aug-2018 [2, 9, 18, 33, 36, 40, 49]
17-Aug-2018 [12, 17, 22, 27, 28, 29, 35]
24-Aug-2018 [3, 5, 7, 11, 13, 20, 29]
31-Aug-2018 [2, 4, 18, 19, 20, 39, 44]
07-Sep-2018 [3, 12, 21, 34, 37, 38, 41]
14-Sep-2018 [1, 3, 5, 10, 16, 27, 43]
21-Sep-2018 [3, 9, 15, 16, 19, 45, 48]
28-Sep-2018 [25, 28, 31, 36, 42, 44, 49]
05-Oct-2018 [8, 9, 12, 20, 22, 27, 30]
12-Oct-2018 [18, 31, 38, 45, 46, 47, 48]
19-Oct-2018 [10, 15, 16, 17, 19, 27, 38]
26-Oct-2018 [2, 3, 4, 8, 9, 20, 30]
02-Nov-2018 [9, 10, 16, 23, 24, 39, 49]
09-Nov-2018 [2, 12, 31, 34, 39, 48, 49]
16-Nov-2018 [11, 17, 24, 34, 41, 42, 48]
23-Nov-2018 [1, 7, 13, 14, 22, 42, 48]
30-Nov-2018 [5, 8, 15, 20, 25, 26, 47]
07-Dec-2018 [2, 9, 15, 23, 26, 30, 41]
14-Dec-2018 [6, 7, 11, 21, 23, 27, 41]
21-Dec-2018 [7, 21, 23, 25, 31, 34, 45]
28-Dec-2018 [5, 13, 14, 16, 17, 29, 49]
04-Jan-2019 [7, 22, 25, 26, 35, 41, 45]
11-Jan-2019 [8, 15, 21, 28, 29, 30, 39]
18-Jan-2019 [3, 19, 22, 30, 32, 37, 40]
25-Jan-2019 [6, 12, 20, 24, 40, 42, 47]
01-Feb-2019 [2, 6, 13, 19, 21, 32, 40]
08-Feb-2019 [18, 23, 31, 32, 36, 38, 43]
15-Feb-2019 [1, 2, 32, 37, 38, 39, 45]
22-Feb-2019 [6, 31, 33, 34, 43, 44, 46]
01-Mar-2019 [2, 23, 24, 29, 40, 48, 49]
08-Mar-2019 [2, 9, 16, 17, 21, 22, 32]
15-Mar-2019 [6, 11, 25, 31, 36, 41, 49]
22-Mar-2019 [1, 3, 20, 21, 27, 28, 44]
29-Mar-2019 [10, 12, 19, 22, 25, 32, 42]
05-Apr-2019 [1, 2, 16, 21, 23, 25, 28]
12-Apr-2019 [2, 20, 21, 30, 31, 39, 45]
19-Apr-2019 [2, 16, 21, 33, 39, 42, 47]
26-Apr-2019 [9, 17, 21, 23, 36, 41, 48]
03-May-2019 [2, 3, 5, 12, 21, 22, 37]
10-May-2019 [16, 17, 31, 34, 36, 39, 41]
14-May-2019 [9, 24, 27, 33, 40, 44, 48]
17-May-2019 [4, 21, 23, 39, 40, 42, 50]
21-May-2019 [2, 3, 8, 18, 31, 39, 50]
24-May-2019 [9, 11, 15, 19, 20, 35, 41]
28-May-2019 [4, 9, 10, 26, 27, 29, 37]
31-May-2019 [6, 29, 34, 39, 42, 47, 50]
04-Jun-2019 [7, 19, 22, 28, 34, 41, 42]
07-Jun-2019 [4, 8, 13, 23, 25, 33, 39]
11-Jun-2019 [18, 23, 28, 32, 34, 44, 50]
14-Jun-2019 [4, 11, 20, 22, 37, 44, 49]
18-Jun-2019 [1, 6, 13, 15, 38, 42, 49]
21-Jun-2019 [11, 16, 17, 20, 42, 44, 50]
25-Jun-2019 [2, 14, 15, 23, 27, 44, 45]
28-Jun-2019 [7, 11, 36, 37, 38, 43, 46]
02-Jul-2019 [6, 14, 26, 31, 34, 36, 45]
05-Jul-2019 [1, 4, 8, 28, 32, 36, 43]
09-Jul-2019 [10, 13, 31, 32, 36, 40, 41]
12-Jul-2019 [3, 13, 19, 25, 28, 30, 37]
16-Jul-2019 [11, 14, 17, 21, 23, 26, 36]
19-Jul-2019 [1, 15, 21, 29, 30, 31, 33]
23-Jul-2019 [4, 8, 11, 16, 28, 29, 44]
26-Jul-2019 [11, 15, 17, 20, 24, 25, 50]
30-Jul-2019 [4, 6, 10, 15, 24, 40, 43]
02-Aug-2019 [11, 20, 23, 24, 26, 41, 44]
06-Aug-2019 [19, 22, 28, 30, 36, 38, 39]
09-Aug-2019 [10, 25, 31, 34, 36, 39, 45]
13-Aug-2019 [1, 5, 38, 39, 42, 47, 49]
16-Aug-2019 [22, 24, 25, 26, 29, 32, 46]
20-Aug-2019 [9, 17, 23, 37, 44, 46, 48]
23-Aug-2019 [5, 6, 8, 15, 22, 46, 47]
27-Aug-2019 [5, 7, 19, 28, 32, 35, 44]
30-Aug-2019 [5, 9, 33, 36, 39, 41, 44]
03-Sep-2019 [6, 8, 11, 13, 28, 42, 48]
06-Sep-2019 [4, 5, 24, 25, 43, 44, 50]
10-Sep-2019 [1, 15, 16, 20, 27, 38, 50]
13-Sep-2019 [4, 16, 21, 32, 44, 45, 50]
17-Sep-2019 [2, 4, 17, 39, 40, 43, 46]
20-Sep-2019 [9, 15, 26, 36, 39, 41, 47]
24-Sep-2019 [3, 22, 26, 32, 38, 42, 43]
27-Sep-2019 [3, 9, 25, 26, 28, 34, 38]
01-Oct-2019 [1, 15, 19, 31, 40, 41, 43]
04-Oct-2019 [20, 31, 35, 36, 39, 42, 44]
08-Oct-2019 [18, 24, 31, 38, 44, 46, 50]
11-Oct-2019 [1, 3, 11, 13, 19, 22, 46]
15-Oct-2019 [17, 18, 22, 27, 29, 31, 34]
18-Oct-2019 [3, 21, 29, 37, 40, 43, 44]
22-Oct-2019 [1, 4, 6, 9, 25, 31, 43]
25-Oct-2019 [6, 11, 16, 18, 23, 26, 40]
29-Oct-2019 [10, 17, 18, 22, 23, 25, 34]
01-Nov-2019 [10, 20, 24, 25, 32, 39, 46]
05-Nov-2019 [5, 7, 15, 18, 35, 37, 45]
08-Nov-2019 [3, 5, 10, 18, 26, 33, 46]
12-Nov-2019 [1, 14, 16, 22, 32, 39, 45]
15-Nov-2019 [15, 16, 33, 36, 38, 43, 49]
19-Nov-2019 [5, 13, 23, 25, 27, 32, 44]
22-Nov-2019 [5, 9, 23, 29, 30, 31, 37]
26-Nov-2019 [13, 14, 18, 22, 42, 44, 47]
29-Nov-2019 [3, 8, 14, 15, 24, 33, 48]
03-Dec-2019 [2, 10, 20, 30, 32, 35, 50]
06-Dec-2019 [9, 11, 17, 19, 35, 36, 43]
10-Dec-2019 [7, 11, 19, 30, 42, 43, 50]
13-Dec-2019 [2, 12, 14, 15, 26, 34, 39]
17-Dec-2019 [19, 20, 23, 29, 35, 40, 47]
20-Dec-2019 [14, 23, 28, 29, 30, 33, 48]
24-Dec-2019 [1, 6, 12, 13, 19, 23, 38]
27-Dec-2019 [13, 27, 34, 36, 38, 45, 50]
31-Dec-2019 [3, 4, 11, 19, 30, 39, 40]
