04-Jan-2022 [7, 8, 13, 20, 25, 26, 48]
07-Jan-2022 [4, 5, 31, 39, 42, 45, 50]
11-Jan-2022 [1, 3, 24, 25, 27, 36, 47]
14-Jan-2022 [2, 4, 7, 10, 14, 21, 34]
18-Jan-2022 [2, 15, 25, 28, 30, 35, 38]
21-Jan-2022 [10, 14, 21, 26, 28, 36, 50]
25-Jan-2022 [11, 13, 18, 20, 23, 30, 40]
28-Jan-2022 [3, 7, 8, 10, 34, 43, 47]
01-Feb-2022 [9, 14, 24, 26, 29, 39, 49]
04-Feb-2022 [5, 15, 19, 22, 37, 46, 47]
08-Feb-2022 [16, 29, 32, 34, 38, 39, 47]
11-Feb-2022 [1, 10, 12, 30, 33, 34, 36]
15-Feb-2022 [19, 26, 28, 36, 40, 42, 48]
18-Feb-2022 [2, 3, 8, 11, 12, 37, 49]
22-Feb-2022 [3, 13, 26, 27, 28, 36, 45]
25-Feb-2022 [2, 4, 17, 28, 35, 44, 46]
01-Mar-2022 [5, 6, 28, 36, 40, 46, 50]
04-Mar-2022 [2, 4, 14, 18, 24, 46, 47]
08-Mar-2022 [10, 12, 13, 18, 25, 26, 37]
11-Mar-2022 [5, 7, 12, 22, 28, 43, 47]
15-Mar-2022 [3, 7, 12, 17, 23, 38, 40]
18-Mar-2022 [5, 7, 12, 18, 26, 29, 46]
22-Mar-2022 [14, 16, 20, 26, 33, 36, 48]
25-Mar-2022 [3, 7, 16, 18, 27, 32, 37]
29-Mar-2022 [7, 17, 32, 34, 39, 45, 47]
01-Apr-2022 [7, 10, 18, 29, 38, 43, 50]
05-Apr-2022 [14, 24, 34, 39, 43, 48, 50]
08-Apr-2022 [1, 2, 14, 15, 21, 26, 29]
12-Apr-2022 [3, 5, 7, 19, 32, 34, 50]
15-Apr-2022 [1, 6, 18, 21, 30, 32, 37]
19-Apr-2022 [1, 6, 10, 27, 42, 45, 50]
22-Apr-2022 [13, 14, 23, 30, 34, 36, 42]
26-Apr-2022 [3, 10, 15, 31, 35, 38, 42]
29-Apr-2022 [8, 9, 19, 32, 37, 46, 48]
03-May-2022 [6, 11, 22, 24, 27, 29, 33]
06-May-2022 [3, 6, 11, 18, 19, 28, 41]
10-May-2022 [6, 15, 18, 19, 20, 27, 28]
13-May-2022 [2, 22, 37, 38, 39, 42, 47]
17-May-2022 [10, 35, 38, 40, 45, 47, 48]
20-May-2022 [5, 6, 20, 29, 42, 44, 47]
24-May-2022 [12, 26, 30, 31, 35, 39, 45]
27-May-2022 [4, 9, 21, 22, 27, 31, 34]
31-May-2022 [6, 13, 23, 27, 35, 44, 50]
03-Jun-2022 [2, 16, 17, 21, 38, 43, 45]
07-Jun-2022 [6, 13, 17, 20, 28, 36, 44]
10-Jun-2022 [8, 14, 16, 17, 19, 22, 24]
14-Jun-2022 [11, 17, 18, 25, 36, 41, 50]
17-Jun-2022 [1, 10, 12, 21, 30, 39, 40]
21-Jun-2022 [2, 4, 5, 22, 32, 40, 50]
24-Jun-2022 [3, 9, 17, 19, 20, 44, 50]
28-Jun-2022 [8, 19, 22, 41, 42, 46, 47]
01-Jul-2022 [1, 11, 13, 14, 25, 36, 47]
05-Jul-2022 [12, 29, 33, 35, 38, 41, 46]
08-Jul-2022 [7, 12, 14, 18, 46, 47, 49]
12-Jul-2022 [8, 11, 15, 16, 26, 29, 40]
15-Jul-2022 [4, 7, 12, 18, 29, 47, 49]
19-Jul-2022 [6, 9, 17, 19, 31, 34, 46]
22-Jul-2022 [1, 9, 19, 34, 37, 39, 49]
26-Jul-2022 [3, 8, 9, 15, 21, 27, 31]
29-Jul-2022 [7, 14, 17, 18, 19, 23, 41]
02-Aug-2022 [4, 5, 15, 18, 22, 28, 32]
05-Aug-2022 [7, 16, 19, 33, 36, 48, 49]
09-Aug-2022 [16, 19, 25, 26, 27, 33, 45]
12-Aug-2022 [4, 10, 28, 36, 40, 44, 47]
16-Aug-2022 [1, 2, 9, 21, 32, 33, 43]
19-Aug-2022 [5, 20, 26, 33, 35, 46, 48]
23-Aug-2022 [9, 13, 14, 19, 37, 43, 50]
26-Aug-2022 [3, 11, 22, 26, 29, 46, 48]
30-Aug-2022 [5, 8, 12, 23, 39, 41, 48]
02-Sep-2022 [8, 17, 21, 31, 34, 37, 39]
06-Sep-2022 [16, 22, 28, 30, 41, 46, 47]
09-Sep-2022 [1, 2, 15, 18, 29, 32, 36]
13-Sep-2022 [9, 10, 14, 32, 35, 36, 46]
16-Sep-2022 [2, 13, 24, 34, 39, 40, 46]
20-Sep-2022 [9, 10, 11, 20, 24, 31, 48]
23-Sep-2022 [15, 17, 21, 24, 28, 32, 43]
27-Sep-2022 [10, 12, 13, 26, 29, 39, 46]
30-Sep-2022 [9, 14, 36, 37, 38, 40, 48]
04-Oct-2022 [10, 18, 21, 22, 37, 40, 46]
07-Oct-2022 [7, 23, 28, 31, 32, 39, 40]
11-Oct-2022 [3, 19, 33, 36, 39, 40, 42]
14-Oct-2022 [2, 24, 27, 31, 40, 43, 46]
18-Oct-2022 [12, 14, 23, 25, 39, 40, 44]
21-Oct-2022 [1, 9, 25, 35, 41, 43, 50]
25-Oct-2022 [3, 6, 19, 23, 26, 28, 43]
28-Oct-2022 [12, 17, 29, 30, 38, 40, 50]
01-Nov-2022 [2, 23, 27, 34, 43, 46, 49]
04-Nov-2022 [4, 8, 25, 27, 32, 33, 34]
08-Nov-2022 [4, 7, 14, 18, 26, 40, 42]
11-Nov-2022 [5, 23, 34, 35, 46, 47, 50]
15-Nov-2022 [9, 12, 13, 22, 25, 35, 47]
18-Nov-2022 [3, 5, 11, 17, 26, 42, 49]
22-Nov-2022 [2, 10, 12, 18, 19, 21, 34]
25-Nov-2022 [3, 6, 7, 10, 25, 30, 37]
29-Nov-2022 [1, 7, 8, 19, 32, 38, 39]
02-Dec-2022 [4, 9, 14, 18, 24, 30, 45]
06-Dec-2022 [1, 2, 3, 14, 17, 19, 41]
09-Dec-2022 [2, 18, 20, 22, 34, 43, 48]
13-Dec-2022 [12, 13, 14, 31, 35, 39, 50]
16-Dec-2022 [6, 22, 25, 42, 43, 45, 48]
20-Dec-2022 [3, 8, 9, 20, 22, 36, 50]
23-Dec-2022 [7, 17, 20, 22, 31, 36, 48]
27-Dec-2022 [5, 6, 13, 16, 31, 32, 35]
30-Dec-2022 [6, 26, 32, 37, 38, 39, 46]
03-Jan-2023 [9, 25, 32, 34, 37, 46, 50]
06-Jan-2023 [7, 14, 20, 24, 35, 40, 50]
10-Jan-2023 [10, 16, 18, 33, 34, 37, 45]
13-Jan-2023 [3, 16, 17, 23, 35, 37, 47]
17-Jan-2023 [1, 2, 5, 6, 16, 30, 45]
20-Jan-2023 [9, 16, 17, 19, 30, 38, 49]
24-Jan-2023 [10, 20, 25, 29, 35, 42, 45]
27-Jan-2023 [4, 5, 9, 13, 29, 30, 35]
31-Jan-2023 [2, 6, 16, 23, 40, 41, 48]
03-Feb-2023 [7, 10, 15, 17, 25, 39, 45]
07-Feb-2023 [1, 13, 26, 30, 37, 42, 50]
10-Feb-2023 [6, 16, 22, 23, 28, 29, 34]
14-Feb-2023 [9, 15, 21, 28, 31, 36, 38]
17-Feb-2023 [10, 12, 23, 26, 39, 41, 45]
